0000000000000000000000000000
0000000000000000000000000000
0000000000000000000000000000
0000000000000000000000000000
0000000000111111000000000000
0000000011111111110000000000
0000000011000001111000000000
0000000000000000011000000000
0000000000000000011100000000
0000000000000000011100000000
0000000000000000011000000000
0000000000000000111000000000
0000000000011111110000000000
0000000000011111100000000000
0000000000000001111000000000
0000000000000000011000000000
0000000000000000011100000000
0000000000000000001100000000
0000000000000000001100000000
0000000000000000011100000000
0000000000000000011100000000
0000000110000001111000000000
0000000111111111110000000000
0000000001111111000000000000
0000000000000000000000000000
0000000000000000000000000000
0000000000000000000000000000
0000000000000000000000000000
