0000000000000000000000000000
0000000000000000000000000000
0000000000001111100000000000
0000000001111111111100000000
0000000111100000001110000000
0000001100000000000011000000
0000011000000000000001100000
0000110000000000000000110000
0001100000001110000000011000
0001100000111111101000011000
0001000001110000111000011000
0011000001100000011000001000
0011000011000000011000001000
0011000011000000011000001000
0011000011000000011000011000
0011000011000000011000011000
0011000001100000011000010000
0011000001110000111001110000
0001100000111111111111100000
0001100000011110001100000000
0000110000000000000000000000
0000011000000000000000000000
0000011100000000000010000000
0000000111000000001110000000
0000000011111111111100000000
0000000000011111100000000000
0000000000000000000000000000
0000000000000000000000000000
