0000000000000000000000000000
0000000000000000000000000000
0000000000000000000000000000
0000000000000000000000000000
0000000000111111000000000000
0000000111111111110000000000
0000000111000001111000000000
0000000000000000111000000000
0000000000000000011000000000
0000000000000000011000000000
0000000000000000011000000000
0000000000000000011000000000
0000000000000000111000000000
0000000000000001110000000000
0000000000000011100000000000
0000000000000111000000000000
0000000000001110000000000000
0000000000011100000000000000
0000000000111000000000000000
0000000001110000000000000000
0000000011100000000000000000
0000000111100000000000000000
0000000111111111111100000000
0000000111111111111100000000
0000000000000000000000000000
0000000000000000000000000000
0000000000000000000000000000
0000000000000000000000000000
