0000000000000000000000000000
0000000000011111100000000000
0000000001111111111000000000
0000000111100000111100000000
0000000111000000001110000000
0000001110000000000111000000
0000001100000000000111000000
0000011100000000000011000000
0000011100000000000011100000
0000011000000000000011100000
0000011000000000000011100000
0000011000000000000011100000
0000011000000000000011100000
0000011100000000000011100000
0000011100000000000011000000
0000011100000000000111000000
0000001110000000000111000000
0000000111000000001110000000
0000000111100000111100000000
0000000001111111111000000000
0000000000011111100000000000
0000000000000000000000000000
0000000000000000000000000000
0000000000000000000000000000
0000000000000000000000000000
0000000000000000000000000000
0000000000000000000000000000
0000000000000000000000000000
