0000000000000000000000000000
0000000000000000000000000000
0000000000000000000000000000
0000000000000000000000000000
0000000000000000000000000000
0000000000000000000000000000
0000000000011111100000000000
0000000001111111110000000000
0000000001000000111000000000
0000000000000000001100000000
0000000000000000001100000000
0000000000001111111100000000
0000000001111111111100000000
0000000001110000001100000000
0000000011000000001100000000
0000000011000000001100000000
0000000011000000011100000000
0000000011000000011100000000
0000000011100000111100000000
0000000001111111101100000000
0000000000011110001100000000
0000000000000000000000000000
0000000000000000000000000000
0000000000000000000000000000
0000000000000000000000000000
0000000000000000000000000000
0000000000000000000000000000
0000000000000000000000000000
