0000000000000000000000000000
0000000000000000000000000000
0000000000000000000000000000
0000000000000000000000000000
0000000000011111100000000000
0000000001111111111000000000
0000000011100000111000000000
0000000011000000011100000000
0000000011000000001100000000
0000000011000000001100000000
0000000011000000011100000000
0000000011100000111000000000
0000000001111111100000000000
0000000000111111110000000000
0000000001100000111000000000
0000000011000000011100000000
0000000111000000001100000000
0000000111000000001100000000
0000000111000000001100000000
0000000111000000001100000000
0000000111000000011100000000
0000000011100000111000000000
0000000001111111111000000000
0000000000011111100000000000
0000000000000000000000000000
0000000000000000000000000000
0000000000000000000000000000
0000000000000000000000000000
