0000000000000000000000000000
0000000000011111110000000000
0000000001111111111110000000
0000000011110000001110000000
0000000111000000000010000000
0000001110000000000000000000
0000011100000000000000000000
0000011100000000000000000000
0000011100000000000000000000
0000011000000000000000000000
0000011000000000000000000000
0000011000000001111111000000
0000011000000001111111000000
0000011100000000000111000000
0000011100000000000111000000
0000011100000000000111000000
0000001110000000000111000000
0000000111000000000111000000
0000000011110000001111000000
0000000001111111111110000000
0000000000011111110000000000
0000000000000000000000000000
0000000000000000000000000000
0000000000000000000000000000
0000000000000000000000000000
0000000000000000000000000000
0000000000000000000000000000
0000000000000000000000000000
