0000000000000000000000000000
0000000000000000000000000000
0000000000000000000000000000
0000000000000000000000000000
0000000000000000000000000000
0000000000000000000000000000
0001100011110000011110000000
0001101111111000111111100000
0001111000011101100001110000
0001110000001111000000110000
0001100000001110000000110000
0001100000001110000000110000
0001100000001110000000110000
0001100000001110000000110000
0001100000001110000000110000
0001100000001110000000110000
0001100000001110000000110000
0001100000001110000000110000
0001100000001110000000110000
0001100000001110000000110000
0001100000001110000000110000
0000000000000000000000000000
0000000000000000000000000000
0000000000000000000000000000
0000000000000000000000000000
0000000000000000000000000000
0000000000000000000000000000
0000000000000000000000000000
