0000000000000000000000000000
0000001111111110000000000000
0000001111111111110000000000
0000001100000001111100000000
0000001100000000011110000000
0000001100000000001110000000
0000001100000000000111000000
0000001100000000000111000000
0000001100000000000011000000
0000001100000000000011000000
0000001100000000000011000000
0000001100000000000011000000
0000001100000000000011000000
0000001100000000000011000000
0000001100000000000111000000
0000001100000000000111000000
0000001100000000001110000000
0000001100000000011110000000
0000001100000001111100000000
0000001111111111110000000000
0000001111111110000000000000
0000000000000000000000000000
0000000000000000000000000000
0000000000000000000000000000
0000000000000000000000000000
0000000000000000000000000000
0000000000000000000000000000
0000000000000000000000000000
