0000000000000000000000000000
0000000000000000000000000000
0000000000000000000000000000
0000000000000000000000000000
0000000000000000000000000000
0000000000000000000000000000
0000111000000111000000110000
0000011000000111000000110000
0000011000001111000001110000
0000011000001111000001100000
0000011100001101100001100000
0000001100011001100001100000
0000001100011001100011000000
0000001100011000110011000000
0000000110011000110011000000
0000000110110000110111000000
0000000110110000110110000000
0000000111110000011110000000
0000000011110000011110000000
0000000011100000011110000000
0000000011100000011100000000
0000000000000000000000000000
0000000000000000000000000000
0000000000000000000000000000
0000000000000000000000000000
0000000000000000000000000000
0000000000000000000000000000
0000000000000000000000000000
