0000000000000000000000000000
0000000000001111110000000000
0000000000111111111110000000
0000000001111000001111000000
0000000011100000000011000000
0000000111000000000000000000
0000000110000000000000000000
0000001110000000000000000000
0000001110000000000000000000
0000001100000000000000000000
0000001100000000000000000000
0000001100000000000000000000
0000001100000000000000000000
0000001110000000000000000000
0000001110000000000000000000
0000000110000000000000000000
0000000111000000000000000000
0000000011100000000011000000
0000000001111000001111000000
0000000000111111111110000000
0000000000001111110000000000
0000000000000000000000000000
0000000000000000000000000000
0000000000000000000000000000
0000000000000000000000000000
0000000000000000000000000000
0000000000000000000000000000
0000000000000000000000000000
