0000000000000000000000000000
0000000011000000000000000000
0000000011000000000000000000
0000000011000000000000000000
0000000011000000000000000000
0000000011000000000000000000
0000000011000000011100000000
0000000011000000111000000000
0000000011000001100000000000
0000000011000011000000000000
0000000011001110000000000000
0000000011011100000000000000
0000000011111000000000000000
0000000011111000000000000000
0000000011011100000000000000
0000000011001110000000000000
0000000011000111000000000000
0000000011000011100000000000
0000000011000001110000000000
0000000011000000111000000000
0000000011000000011100000000
0000000000000000000000000000
0000000000000000000000000000
0000000000000000000000000000
0000000000000000000000000000
0000000000000000000000000000
0000000000000000000000000000
0000000000000000000000000000
