0000000000000000000000000000
0000001100000000001110000000
0000001100000000001110000000
0000001100000000001110000000
0000001100000000001110000000
0000001100000000001110000000
0000001100000000001110000000
0000001100000000001110000000
0000001100000000001110000000
0000001100000000001110000000
0000001111111111111110000000
0000001111111111111110000000
0000001100000000001110000000
0000001100000000001110000000
0000001100000000001110000000
0000001100000000001110000000
0000001100000000001110000000
0000001100000000001110000000
0000001100000000001110000000
0000001100000000001110000000
0000001100000000001110000000
0000000000000000000000000000
0000000000000000000000000000
0000000000000000000000000000
0000000000000000000000000000
0000000000000000000000000000
0000000000000000000000000000
0000000000000000000000000000
