0000000000000000000000000000
0000001110000000001110000000
0000001111000000001110000000
0000001111100000001110000000
0000001111100000001110000000
0000001101110000001110000000
0000001100110000001110000000
0000001100111000001110000000
0000001100011000001110000000
0000001100011100001110000000
0000001100001100001110000000
0000001100001110001110000000
0000001100000110001110000000
0000001100000111001110000000
0000001100000011001110000000
0000001100000011101110000000
0000001100000001101110000000
0000001100000001111110000000
0000001100000000111110000000
0000001100000000011110000000
0000001100000000011110000000
0000000000000000000000000000
0000000000000000000000000000
0000000000000000000000000000
0000000000000000000000000000
0000000000000000000000000000
0000000000000000000000000000
0000000000000000000000000000
