0000000000000000000000000000
0000000000000000000000000000
0000000000000000000000000000
0000000000000000000000000000
0000000000000111110000000000
0000000000011111111000000000
0000000000111000001000000000
0000000001110000000000000000
0000000011100000000000000000
0000000011000000000000000000
0000000111000000000000000000
0000000111001111100000000000
0000000111111111111000000000
0000000111110000111100000000
0000000111100000011100000000
0000000111000000001100000000
0000000111000000001110000000
0000000111000000001110000000
0000000011000000001110000000
0000000011000000001100000000
0000000011100000011100000000
0000000001110000111000000000
0000000000111111110000000000
0000000000001111100000000000
0000000000000000000000000000
0000000000000000000000000000
0000000000000000000000000000
0000000000000000000000000000
