0000000000000000000000000000
0000000000000110000000000000
0000000000000110000000000000
0000000000000110000000000000
0000000011000110011000000000
0000000000110110110000000000
0000000000001111000000000000
0000000000001111000000000000
0000000000111111100000000000
0000000011100110011000000000
0000000000000110000000000000
0000000000000110000000000000
0000000000000110000000000000
0000000000000000000000000000
0000000000000000000000000000
0000000000000000000000000000
0000000000000000000000000000
0000000000000000000000000000
0000000000000000000000000000
0000000000000000000000000000
0000000000000000000000000000
0000000000000000000000000000
0000000000000000000000000000
0000000000000000000000000000
0000000000000000000000000000
0000000000000000000000000000
0000000000000000000000000000
0000000000000000000000000000
