0000000000000000000000000000
0000000000001110000000000000
0000000000011110000000000000
0000000000011111000000000000
0000000000011111000000000000
0000000000111011100000000000
0000000000110011100000000000
0000000000110001100000000000
0000000001110001110000000000
0000000001100000110000000000
0000000011100000110000000000
0000000011000000111000000000
0000000011000000011000000000
0000000111000000011100000000
0000000111111111111100000000
0000001111111111111100000000
0000001110000000001110000000
0000001100000000000110000000
0000011100000000000110000000
0000011100000000000111000000
0000011000000000000011000000
0000000000000000000000000000
0000000000000000000000000000
0000000000000000000000000000
0000000000000000000000000000
0000000000000000000000000000
0000000000000000000000000000
0000000000000000000000000000
