0000000000000000000000000000
0000000000011110000000000000
0000000011111111100000000000
0000000011000001110000000000
0000000000000000110000000000
0000000000000000111000000000
0000000000000000110000000000
0000000000000001110000000000
0000000000000001100000000000
0000000000000111000000000000
0000000000000110000000000000
0000000000001100000000000000
0000000000001100000000000000
0000000000011100000000000000
0000000000011100000000000000
0000000000001100000000000000
0000000000000000000000000000
0000000000000000000000000000
0000000000011100000000000000
0000000000011100000000000000
0000000000011100000000000000
0000000000000000000000000000
0000000000000000000000000000
0000000000000000000000000000
0000000000000000000000000000
0000000000000000000000000000
0000000000000000000000000000
0000000000000000000000000000
