0000000000000000000000000000
0000001110000000000011000000
0000000111000000000111000000
0000000011000000001110000000
0000000011100000001100000000
0000000001110000011100000000
0000000000110000111000000000
0000000000011000110000000000
0000000000011101110000000000
0000000000001111100000000000
0000000000000111000000000000
0000000000000111000000000000
0000000000000111000000000000
0000000000000111000000000000
0000000000000111000000000000
0000000000000111000000000000
0000000000000111000000000000
0000000000000111000000000000
0000000000000111000000000000
0000000000000111000000000000
0000000000000111000000000000
0000000000000000000000000000
0000000000000000000000000000
0000000000000000000000000000
0000000000000000000000000000
0000000000000000000000000000
0000000000000000000000000000
0000000000000000000000000000
