0000000000000000000000000000
0000000000001111100000000000
0000000000111111110000000000
0000000000110000000000000000
0000000001110000000000000000
0000000001110000000000000000
0000000000111000000000000000
0000000000011100000000000000
0000000000110111000000000000
0000000001100011110000000000
0000000011000000111000000000
0000000011000000011000000000
0000000001100000011000000000
0000000001110000011000000000
0000000000011100011000000000
0000000000001111110000000000
0000000000000011100000000000
0000000000000001110000000000
0000000000000000110000000000
0000000000000000110000000000
0000000000000000110000000000
0000000001111111110000000000
0000000000011111000000000000
0000000000000000000000000000
0000000000000000000000000000
0000000000000000000000000000
0000000000000000000000000000
0000000000000000000000000000
