0000000000000000000000000000
0000000000000000000000000000
0000000000000000000000000000
0000000000000000000000000000
0000000000000000000000000000
0000000000000000000000000000
0000000110001111000000000000
0000000110111111100000000000
0000000111100001110000000000
0000000111000000111000000000
0000000110000000011000000000
0000000110000000011100000000
0000000110000000011100000000
0000000110000000011100000000
0000000110000000011100000000
0000000110000000011100000000
0000000110000000011000000000
0000000111000000111000000000
0000000111100001110000000000
0000000110111111100000000000
0000000110001111000000000000
0000000110000000000000000000
0000000110000000000000000000
0000000110000000000000000000
0000000110000000000000000000
0000000110000000000000000000
0000000110000000000000000000
0000000000000000000000000000
