0000000000000000000000000000
0000000000000000000000000000
0000000000000000000000000000
0000000000000000000000000000
0000000011111111110000000000
0000000011111111110000000000
0000000011000000000000000000
0000000011000000000000000000
0000000011000000000000000000
0000000011000000000000000000
0000000011000000000000000000
0000000011111111000000000000
0000000011111111110000000000
0000000010000001111000000000
0000000000000000111000000000
0000000000000000011100000000
0000000000000000011100000000
0000000000000000011100000000
0000000000000000011100000000
0000000000000000011100000000
0000000000000000111000000000
0000000110000001111000000000
0000000111111111110000000000
0000000001111110000000000000
0000000000000000000000000000
0000000000000000000000000000
0000000000000000000000000000
0000000000000000000000000000
