0000000000000000000000000000
0000000000000000000000000000
0000000000000000000000000000
0000000000000000000000000000
0000000000000000000000000000
0000000000000000000000000000
0000000111000000000110000000
0000000011000000001110000000
0000000011000000001100000000
0000000011100000001100000000
0000000001100000011100000000
0000000001100000011000000000
0000000001110000011000000000
0000000000110000110000000000
0000000000110000110000000000
0000000000011001110000000000
0000000000011001100000000000
0000000000011101100000000000
0000000000001111100000000000
0000000000001111000000000000
0000000000001111000000000000
0000000000000000000000000000
0000000000000000000000000000
0000000000000000000000000000
0000000000000000000000000000
0000000000000000000000000000
0000000000000000000000000000
0000000000000000000000000000
