0000000000000000000000000000
0000000000000000001100000000
0000000000000000001100000000
0000000000000000001100000000
0000000000000000001100000000
0000000000000000001100000000
0000000000011110001100000000
0000000001111111001100000000
0000000011100001111100000000
0000000111000000111100000000
0000000111000000011100000000
0000000110000000011100000000
0000000110000000001100000000
0000000110000000001100000000
0000000110000000001100000000
0000000110000000011100000000
0000000111000000011100000000
0000000111000000111100000000
0000000011100001111100000000
0000000001111111001100000000
0000000000011110001100000000
0000000000000000000000000000
0000000000000000000000000000
0000000000000000000000000000
0000000000000000000000000000
0000000000000000000000000000
0000000000000000000000000000
0000000000000000000000000000
