0000000000000000000000000000
0000000000000000000000000000
0000000000000000000000000000
0000000000000000000000000000
0000000000000000000000000000
0000000000000000000000000000
0000000000011111000000000000
0000000001111111110000000000
0000000011100000111000000000
0000000011000000011100000000
0000000110000000001100000000
0000000110000000001100000000
0000000111111111111100000000
0000000111111111111100000000
0000000110000000000000000000
0000000110000000000000000000
0000000111000000000000000000
0000000011000000000000000000
0000000011110000001100000000
0000000001111111111100000000
0000000000001111110000000000
0000000000000000000000000000
0000000000000000000000000000
0000000000000000000000000000
0000000000000000000000000000
0000000000000000000000000000
0000000000000000000000000000
0000000000000000000000000000
