0000000000000000000000000000
0000011110000000000111100000
0000011110000000000111100000
0000011111000000001111100000
0000011111000000001111100000
0000011011000000011011100000
0000011001100000011001100000
0000011001100000011001100000
0000011001100000110001100000
0000011000110000110001100000
0000011000110000110001100000
0000011000011001100001100000
0000011000011001100001100000
0000011000011011000001100000
0000011000001111000001100000
0000011000001111000001100000
0000011000001110000001100000
0000011000000000000001100000
0000011000000000000001100000
0000011000000000000001100000
0000011000000000000001100000
0000000000000000000000000000
0000000000000000000000000000
0000000000000000000000000000
0000000000000000000000000000
0000000000000000000000000000
0000000000000000000000000000
0000000000000000000000000000
