0000000000000000000000000000
0000000000000000000000000000
0000000000000000000000000000
0000000000000000000000000000
0000000000011111000000000000
0000000001111111110000000000
0000000011100001110000000000
0000000011000000011000000000
0000000111000000011100000000
0000000110000000011100000000
0000000110000000011100000000
0000000110000000011100000000
0000000111000000011100000000
0000000111000000011100000000
0000000011100001111100000000
0000000001111111101100000000
0000000000011110001100000000
0000000000000000001100000000
0000000000000000011100000000
0000000000000000011000000000
0000000000000000111000000000
0000000011000011110000000000
0000000011111111100000000000
0000000001111110000000000000
0000000000000000000000000000
0000000000000000000000000000
0000000000000000000000000000
0000000000000000000000000000
