0000000000000000000000000000
0000000011111111100000000000
0000000011111111111000000000
0000000011000000111100000000
0000000011000000011100000000
0000000011000000001100000000
0000000011000000001100000000
0000000011000000001100000000
0000000011000000001100000000
0000000011000000011100000000
0000000011000000111100000000
0000000011111111111000000000
0000000011111111100000000000
0000000011000000000000000000
0000000011000000000000000000
0000000011000000000000000000
0000000011000000000000000000
0000000011000000000000000000
0000000011000000000000000000
0000000011000000000000000000
0000000011000000000000000000
0000000000000000000000000000
0000000000000000000000000000
0000000000000000000000000000
0000000000000000000000000000
0000000000000000000000000000
0000000000000000000000000000
0000000000000000000000000000
