0000000000000000000000000000
0000001100000000011100000000
0000001100000000111000000000
0000001100000001110000000000
0000001100000011100000000000
0000001100000111000000000000
0000001100001110000000000000
0000001100011100000000000000
0000001100111000000000000000
0000001111110000000000000000
0000001111100000000000000000
0000001111110000000000000000
0000001100111000000000000000
0000001100011100000000000000
0000001100001110000000000000
0000001100000111000000000000
0000001100000011100000000000
0000001100000001110000000000
0000001100000000111000000000
0000001100000000011100000000
0000001100000000001110000000
0000000000000000000000000000
0000000000000000000000000000
0000000000000000000000000000
0000000000000000000000000000
0000000000000000000000000000
0000000000000000000000000000
0000000000000000000000000000
