0000000000000000000000000000
0111000000001110000000001100
0111000000001110000000011100
0011000000001111000000011000
0011000000011011000000011000
0011100000011011000000011000
0011100000011011000000111000
0001100000011001100000110000
0001100000110001100000110000
0001110000110001100000110000
0001110000110001100001110000
0000110000110000110001100000
0000110001100000110001100000
0000111001100000110001100000
0000111001100000110011100000
0000011001100000011011000000
0000011011000000011011000000
0000011111000000011111000000
0000011111000000011111000000
0000001111000000001110000000
0000001110000000001110000000
0000000000000000000000000000
0000000000000000000000000000
0000000000000000000000000000
0000000000000000000000000000
0000000000000000000000000000
0000000000000000000000000000
0000000000000000000000000000
