0000000000000000000000000000
0000001100000000001110000000
0000001100000000001110000000
0000001100000000001110000000
0000001100000000001110000000
0000001100000000001110000000
0000001100000000001110000000
0000001100000000001110000000
0000001100000000001110000000
0000001100000000001110000000
0000001100000000001110000000
0000001100000000001110000000
0000001100000000001110000000
0000001100000000001110000000
0000001100000000001110000000
0000001100000000001100000000
0000001110000000001100000000
0000001110000000011100000000
0000000111100000111000000000
0000000011111111110000000000
0000000000111111000000000000
0000000000000000000000000000
0000000000000000000000000000
0000000000000000000000000000
0000000000000000000000000000
0000000000000000000000000000
0000000000000000000000000000
0000000000000000000000000000
