0000000000000000000000000000
0000000000000000000000000000
0000000000000000000000000000
0000000000000000000000000000
0000000000000000000000000000
0000000000000000000000000000
0000000111000000001100000000
0000000111000000001100000000
0000000111000000001100000000
0000000111000000001100000000
0000000111000000001100000000
0000000111000000001100000000
0000000111000000001100000000
0000000111000000001100000000
0000000111000000001100000000
0000000011000000011100000000
0000000011000000011100000000
0000000011000000011100000000
0000000011100001111100000000
0000000001111111001100000000
0000000000111110001100000000
0000000000000000000000000000
0000000000000000000000000000
0000000000000000000000000000
0000000000000000000000000000
0000000000000000000000000000
0000000000000000000000000000
0000000000000000000000000000
