0000000000000000000000000000
0000011110000000000110000000
0000111111000000001100000000
0001100001100000001100000000
0001100001100000011000000000
0001100000110000010000000000
0001100000110000110000000000
0001100000110001100000000000
0001100001100001100000000000
0001110001100011000000000000
0000111111000110000000000000
0000000000000110001111110000
0000000000001100011000111000
0000000000001000011000011000
0000000000011000010000011000
0000000000110000110000001000
0000000000110000010000001000
0000000001100000011000011000
0000000011000000011000011000
0000000011000000001111110000
0000000110000000000111100000
0000000000000000000000000000
0000000000000000000000000000
0000000000000000000000000000
0000000000000000000000000000
0000000000000000000000000000
0000000000000000000000000000
0000000000000000000000000000
