0000000000000000000000000000
0000000000000000000000000000
0000000000000000000000000000
0000000000000000000000000000
0000000000000000000000000000
0000000000000000000000000000
0000000000011110001100000000
0000000001111111001100000000
0000000011100001111100000000
0000000111000000011100000000
0000000110000000011100000000
0000000110000000011100000000
0000000110000000001100000000
0000000110000000001100000000
0000000110000000001100000000
0000000110000000011100000000
0000000110000000011100000000
0000000111000000011100000000
0000000011100001111100000000
0000000001111111001100000000
0000000000011110001100000000
0000000000000000011100000000
0000000000000000011000000000
0000000000000000011000000000
0000000001000001111000000000
0000000011111111110000000000
0000000000111111000000000000
0000000000000000000000000000
