0000000000000000000000000000
0000000011000000000000000000
0000000011000000000000000000
0000000011000000000000000000
0000000011000000000000000000
0000000011000000000000000000
0000000011000111100000000000
0000000011011111110000000000
0000000011110000111000000000
0000000011100000011100000000
0000000011000000001100000000
0000000011000000001100000000
0000000011000000001100000000
0000000011000000001100000000
0000000011000000001100000000
0000000011000000001100000000
0000000011000000001100000000
0000000011000000001100000000
0000000011000000001100000000
0000000011000000001100000000
0000000011000000001100000000
0000000000000000000000000000
0000000000000000000000000000
0000000000000000000000000000
0000000000000000000000000000
0000000000000000000000000000
0000000000000000000000000000
0000000000000000000000000000
