0000000000000000000000000000
0000000111111111000000000000
0000000111111111110000000000
0000000110000000111000000000
0000000110000000011100000000
0000000110000000011100000000
0000000110000000011100000000
0000000110000000011100000000
0000000110000000011100000000
0000000110000000111000000000
0000000111111111100000000000
0000000111111111110000000000
0000000110000000011100000000
0000000110000000001100000000
0000000110000000001110000000
0000000110000000001110000000
0000000110000000001110000000
0000000110000000001100000000
0000000110000000111100000000
0000000111111111111000000000
0000000111111111100000000000
0000000000000000000000000000
0000000000000000000000000000
0000000000000000000000000000
0000000000000000000000000000
0000000000000000000000000000
0000000000000000000000000000
0000000000000000000000000000
