0000000000000000000000000000
0000000000000000000000000000
0000000000000000000000000000
0000000000000000000000000000
0000000000011111000000000000
0000000000111111110000000000
0000000001110000111000000000
0000000011100000011000000000
0000000011000000011100000000
0000000111000000001100000000
0000000111000000001100000000
0000000111000000001100000000
0000000110000000001100000000
0000000110000000001110000000
0000000110000000001110000000
0000000110000000001100000000
0000000111000000001100000000
0000000111000000001100000000
0000000111000000001100000000
0000000011000000011100000000
0000000011100000011000000000
0000000001110000111000000000
0000000000111111110000000000
0000000000011111000000000000
0000000000000000000000000000
0000000000000000000000000000
0000000000000000000000000000
0000000000000000000000000000
