0000000000000000000000000000
0000000000000100000000000000
0000000000000100000000000000
0000000000000100000000000000
0000000000111111110000000000
0000000001111111111000000000
0000000011100100001000000000
0000000011000100000000000000
0000000111000100000000000000
0000000011000100000000000000
0000000011100100000000000000
0000000001111110000000000000
0000000000111111110000000000
0000000000000111111000000000
0000000000000100011100000000
0000000000000100001100000000
0000000000000100001100000000
0000000000000100001100000000
0000000110000100011100000000
0000000111111111111000000000
0000000000111111100000000000
0000000000000100000000000000
0000000000000100000000000000
0000000000000100000000000000
0000000000000100000000000000
0000000000000000000000000000
0000000000000000000000000000
0000000000000000000000000000
