0000000000000000000000000000
0000000000011111100000000000
0000000001111111111100000000
0000000011100000011100000000
0000000111000000000000000000
0000000111000000000000000000
0000000110000000000000000000
0000000111000000000000000000
0000000111100000000000000000
0000000011111100000000000000
0000000001111111110000000000
0000000000001111111000000000
0000000000000000111100000000
0000000000000000001110000000
0000000000000000001110000000
0000000000000000001110000000
0000000000000000001110000000
0000000000000000011100000000
0000000111000000111100000000
0000000111111111111000000000
0000000000111111100000000000
0000000000000000000000000000
0000000000000000000000000000
0000000000000000000000000000
0000000000000000000000000000
0000000000000000000000000000
0000000000000000000000000000
0000000000000000000000000000
